fixed.acidity volatile.acidity citric.acid residual.sugar    chlorides free.sulfur.dioxide total.sulfur.dioxide     density          pH
fixed.acidity           1.00000000     -0.256130895  0.67170343    0.114776724  0.093705186        -0.153794193          -0.11318144  0.66804729 -0.68297819
volatile.acidity       -0.25613089      1.000000000 -0.55249568    0.001917882  0.061297772        -0.010503827           0.07647000  0.02202623  0.23493729
citric.acid             0.67170343     -0.552495685  1.00000000    0.143577162  0.203822914        -0.060978129           0.03553302  0.36494718 -0.54190414
residual.sugar          0.11477672      0.001917882  0.14357716    1.000000000  0.055609535         0.187048995           0.20302788  0.35528337 -0.08565242
chlorides               0.09370519      0.061297772  0.20382291    0.055609535  1.000000000         0.005562147           0.04740047  0.20063233 -0.26502613
free.sulfur.dioxide    -0.15379419     -0.010503827 -0.06097813    0.187048995  0.005562147         1.000000000           0.66766645 -0.02194583  0.07037750
total.sulfur.dioxide   -0.11318144      0.076470005  0.03553302    0.203027882  0.047400468         0.667666450           1.00000000  0.07126948 -0.06649456
density                 0.66804729      0.022026232  0.36494718    0.355283371  0.200632327        -0.021945831           0.07126948  1.00000000 -0.34169933
pH                     -0.68297819      0.234937294 -0.54190414   -0.085652422 -0.265026131         0.070377499          -0.06649456 -0.34169933  1.00000000
sulphates               0.18300566     -0.260986685  0.31277004    0.005527121  0.371260481         0.051657572           0.04294684  0.14850641 -0.19664760
alcohol                -0.06166827     -0.202288027  0.10990325    0.042075437 -0.221140545        -0.069408354          -0.20565394 -0.49617977  0.20563251
quality                 0.12405165     -0.390557780  0.22637251    0.013731637 -0.128906560        -0.050656057          -0.18510029 -0.17491923 -0.05773139
                        sulphates     alcohol     quality
fixed.acidity         0.183005664 -0.06166827  0.12405165
volatile.acidity     -0.260986685 -0.20228803 -0.39055778
citric.acid           0.312770044  0.10990325  0.22637251
residual.sugar        0.005527121  0.04207544  0.01373164
chlorides             0.371260481 -0.22114054 -0.12890656
free.sulfur.dioxide   0.051657572 -0.06940835 -0.05065606
total.sulfur.dioxide  0.042946836 -0.20565394 -0.18510029
density               0.148506412 -0.49617977 -0.17491923
pH                   -0.196647602  0.20563251 -0.05773139
sulphates             1.000000000  0.09359475  0.25139708
alcohol               0.093594750  1.00000000  0.47616632
quality               0.251397079  0.47616632  1.00000000